mtllib gravur_bennet_li.mtl

v  -0.043667 5.498847 17.165908
v  -0.043667 5.498847 17.165908
v  -0.043667 5.498847 17.165908
v  0.056333 5.498742 17.165944
v  0.056333 5.498742 17.165944
v  0.056333 5.498742 17.165944
v  0.058649 7.021703 15.183511
v  0.058649 7.021703 15.183511
v  0.058649 7.021703 15.183511
v  -0.041351 7.021807 15.183475
v  -0.041351 7.021807 15.183475
v  -0.041351 7.021807 15.183475
v  -0.043637 5.538497 17.196368
v  -0.043637 5.538497 17.196368
v  -0.043637 5.538497 17.196368
v  -0.041321 7.061458 15.213935
v  -0.041321 7.061458 15.213935
v  -0.041321 7.061458 15.213935
v  0.058679 7.061353 15.213972
v  0.058679 7.061353 15.213972
v  0.058679 7.061353 15.213972
v  0.056363 5.538393 17.196405
v  0.056363 5.538393 17.196405
v  0.056363 5.538393 17.196405

vt  0.018185 0.124544 0.000000
vt  0.018185 0.124544 0.000000
vt  0.018185 0.124544 0.000000
vt  0.000000 0.124544 0.000000
vt  0.000000 0.124544 0.000000
vt  0.000000 0.124544 0.000000
vt  0.001892 0.001383 0.000000
vt  0.001892 0.001383 0.000000
vt  0.001892 0.001383 0.000000
vt  0.016133 0.001383 0.000000
vt  0.016133 0.001383 0.000000
vt  0.016133 0.001383 0.000000
vt  0.018123 0.122968 0.000000
vt  0.018123 0.122968 0.000000
vt  0.018123 0.122968 0.000000
vt  0.016096 0.000000 0.000000
vt  0.016096 0.000000 0.000000
vt  0.016096 0.000000 0.000000
vt  0.001935 0.000000 0.000000
vt  0.001935 0.000000 0.000000
vt  0.001935 0.000000 0.000000
vt  0.000068 0.122968 0.000000
vt  0.000068 0.122968 0.000000
vt  0.000068 0.122968 0.000000

vn  -0.000608 -0.793008 -0.609211
vn  -0.000926 -0.609211 0.793008
vn  -0.999999 0.001046 -0.000365
vn  -0.000608 -0.793008 -0.609211
vn  -0.000926 -0.609211 0.793008
vn  0.999999 -0.001046 0.000365
vn  -0.000608 -0.793008 -0.609211
vn  0.999999 -0.001046 0.000365
vn  0.000926 0.609211 -0.793008
vn  -0.000608 -0.793008 -0.609211
vn  0.000926 0.609211 -0.793008
vn  -0.999999 0.001046 -0.000365
vn  0.000608 0.793008 0.609211
vn  -0.000926 -0.609211 0.793008
vn  -0.999999 0.001046 -0.000365
vn  0.000608 0.793008 0.609211
vn  0.000926 0.609211 -0.793008
vn  -0.999999 0.001046 -0.000365
vn  0.000608 0.793008 0.609211
vn  0.999999 -0.001046 0.000365
vn  0.000926 0.609211 -0.793008
vn  0.000608 0.793008 0.609211
vn  -0.000926 -0.609211 0.793008
vn  0.999999 -0.001046 0.000365


g 0
g 1
usemtl DEFAULT_MTL
f 7/7/7  4/4/4  1/1/1
f 14/14/14  2/2/2  5/5/5
f 10/10/10  7/7/7  1/1/1
f 18/18/18  12/12/12  3/3/3
f 18/18/18  3/3/3  15/15/15
f 24/24/24  6/6/6  8/8/8
f 23/23/23  14/14/14  5/5/5
f 21/21/21  9/9/9  11/11/11
f 24/24/24  8/8/8  20/20/20
f 21/21/21  11/11/11  17/17/17
f 19/19/19  16/16/16  13/13/13
f 22/22/22  19/19/19  13/13/13
