[OrientationVector]
V_X=+0000000000.00276637
V_Y=-00000000000.0383506
V_Z=+000000000000.999261
[VectorPosition]
T_X=+0000000000001.25272
T_Y=-00000000000009.9081
T_Z=+0000000000000000000
[Quality]
Angle=+89.98
[ReferencePosition]
Position=0.000000
[Statistics]
MatchingLoops=1
Iterations=1
StdDev=0.004801
AvgConvergence=0.000000
Diagonal=103.376097
Correspondencies=1318756
TotalNumPoints=2087635
