[OrientationVector]
V_X=-0000000000.00143676
V_Y=-00000000000.0280234
V_Z=+000000000000.999606
[VectorPosition]
T_X=+0000000000002.35875
T_Y=-00000000000011.0689
T_Z=+0000000000000000000
[Quality]
Angle=+89.881
[ReferencePosition]
Position=0.000000
[Statistics]
MatchingLoops=1
Iterations=1
StdDev=0.007905
AvgConvergence=0.000000
Diagonal=82.676610
Correspondencies=1584732
TotalNumPoints=2131783
