[OrientationVector]
V_X=+000000000000.999995
V_Y=+0000000000.00278068
V_Z=-0000000000.00150367
[VectorPosition]
T_X=+0000000000000000000
T_Y=-0000000000009.59344
T_Z=-0000000000001.47682
[Quality]
Angle=+44.652
[ReferencePosition]
Position=0.000000
[Statistics]
MatchingLoops=1
Iterations=1
StdDev=0.004129
AvgConvergence=0.000000
Diagonal=83.592007
Correspondencies=1319512
TotalNumPoints=1862871
