[OrientationVector]
V_X=+000000000000.999992
V_Y=-0000000000.00387219
V_Z=+000000000.000662901
[VectorPosition]
T_X=+0000000000000000000
T_Y=-000000000000011.085
T_Z=-0000000000001.76883
[Quality]
Angle=+44.606
[ReferencePosition]
Position=0.000000
[Statistics]
MatchingLoops=1
Iterations=1
StdDev=0.008185
AvgConvergence=0.000000
Diagonal=81.974208
Correspondencies=1233260
TotalNumPoints=1808330
