[Rotation_Grad]
Rot_X=0.000000
Rot_Y=0.000000
Rot_Z=0.000000
[Shift_MM]
Shift_X=0.000000
Shift_Y=0.000000
Shift_Z=0.000000
