[OrientationVector]
V_X=+000000000.000000000
V_Y=+000000000.000000000
V_Z=+000000000.000000000
[VectorPosition]
T_X=+000000000.000000000
T_Y=+000000000.000000000
T_Z=+000000000.000000000
[Quality]
Shift=+0000000.000000000
[ReferencePosition]
Position=00000.000000000
